2.06000000e+00 2.12000000e+00 2.41000000e+00 5.20000000e-01 2.45000000e+00 6.40000000e-01 1.04000000e+00
2.15000000e+00 1.31000000e+00 2.27000000e+00 1.62000000e+00 2.84000000e+00 6.50000000e-01 1.14000000e+00
7.00000000e-02 -4.00000000e-02 -7.00000000e-01 2.80000000e-01 2.88000000e+00 8.40000000e-01 1.23000000e+00
3.70000000e-01 5.80000000e-01 -1.42000000e+00 6.00000000e-01 2.83000000e+00 1.05000000e+00 1.35000000e+00
5.00000000e-01 -3.00000000e-02 -3.09000000e+00 1.70000000e-01 2.86000000e+00 9.10000000e-01 1.39000000e+00
5.50000000e-01 9.00000000e-02 -2.70000000e+00 1.15000000e+00 1.87000000e+00 4.50000000e-01 1.21000000e+00
 -3.70000000e-01 9.00000000e-01 2.02000000e+00 1.04000000e+00 1.45000000e+00 5.40000000e-01 1.00000000e+00
 3.00000000e-01 -4.00000000e-02 1.30000000e-01 5.80000000e-01 1.83000000e+00 9.80000000e-01 9.70000000e-01
 3.00000000e-01 -1.00000000e-01 2.79000000e+00 -8.00000000e-02 1.95000000e+00 1.10000000e+00 1.04000000e+00
 1.65000000e+00 1.93000000e+00 1.92000000e+00 1.93000000e+00 1.05000000e+00 1.09000000e+00 1.20000000e+00
 1.34000000e+00 1.17000000e+00 -9.90000000e-01 4.30000000e-01 2.02000000e+00 1.04000000e+00 1.50000000e+00
 2.70000000e-01 1.50000000e+00 6.70000000e-01 9.50000000e-01 1.81000000e+00 9.80000000e-01 1.49000000e+00
 -5.00000000e-02 -3.20000000e-01 2.78000000e+00 4.90000000e-01 1.40000000e+00 1.41000000e+00 1.48000000e+00
 1.12000000e+00 6.10000000e-01 2.69000000e+00 3.60000000e-01 1.73000000e+00 1.04000000e+00 1.64000000e+00
 -1.20000000e-01 2.20000000e-01 -1.80000000e-01 9.00000000e-02 1.80000000e+00 1.29000000e+00 2.08000000e+00
 1.90000000e-01 -1.60000000e-01 6.40000000e-01 3.80000000e-01 1.80000000e+00 1.43000000e+00 2.25000000e+00
 -9.60000000e-01 1.70000000e-01 -2.98000000e+00 4.80000000e-01 1.49000000e+00 1.29000000e+00 2.24000000e+00
 -6.90000000e-01 -1.70000000e-01 -1.60000000e+00 7.60000000e-01 7.70000000e-01 1.42000000e+00 2.14000000e+00
 -3.50000000e-01 -3.30000000e-01 -1.90000000e+00 -8.00000000e-02 -6.80000000e-01 1.37000000e+00 1.97000000e+00
 3.20000000e-01 4.80000000e-01 1.00000000e-01 1.31000000e+00 -1.65000000e+00 8.00000000e-01 1.68000000e+00
 -1.66000000e+00 -8.50000000e-01 -6.20000000e-01 -4.50000000e-01 -2.29000000e+00 1.28000000e+00 1.39000000e+00
 2.18000000e+00 7.80000000e-01 1.86000000e+00 5.50000000e-01 -2.66000000e+00 1.49000000e+00 9.60000000e-01
 -1.00000000e-02 1.80000000e-01 3.57000000e+00 3.00000000e-01 -3.02000000e+00 1.30000000e+00 1.14000000e+00
 2.40000000e-01 2.10000000e-01 1.55000000e+00 1.80000000e-01 -3.06000000e+00 1.01000000e+00 1.37000000e+00
 -2.80000000e-01 9.10000000e-01 2.21000000e+00 -1.00000000e-02 -2.36000000e+00 8.00000000e-01 1.19000000e+00
 6.30000000e-01 -3.10000000e-01 2.95000000e+00 1.14000000e+00 -2.17000000e+00 1.55000000e+00 8.90000000e-01
 1.81000000e+00 1.36000000e+00 1.27000000e+00 5.40000000e-01 -1.89000000e+00 6.00000000e-01 1.08000000e+00
 4.20000000e-01 9.10000000e-01 5.90000000e-01 5.30000000e-01 -1.81000000e+00 9.70000000e-01 1.19000000e+00
 1.15000000e+00 1.34000000e+00 4.21000000e+00 5.10000000e-01 -1.81000000e+00 1.32000000e+00 1.29000000e+00
 1.99000000e+00 1.31000000e+00 3.42000000e+00 1.67000000e+00 -1.41000000e+00 1.19000000e+00 1.63000000e+00
 6.30000000e-01 -1.80000000e-01 5.30000000e-01 -1.30000000e-01 -7.90000000e-01 1.54000000e+00 1.95000000e+00
 -1.05000000e+00 -2.80000000e-01 -6.20000000e-01 1.40000000e-01 -6.80000000e-01 1.93000000e+00 2.64000000e+00
 4.40000000e-01 -7.30000000e-01 -2.21000000e+00 7.00000000e-02 -5.00000000e-01 1.96000000e+00 2.50000000e+00
 -1.38000000e+00 -3.50000000e-01 -2.88000000e+00 4.20000000e-01 -1.22000000e+00 1.89000000e+00 2.33000000e+00
 -2.20000000e-01 3.10000000e-01 -1.38000000e+00 2.50000000e-01 -1.87000000e+00 2.33000000e+00 2.81000000e+00
 -1.47000000e+00 -3.30000000e-01 -1.29000000e+00 -7.00000000e-02 -2.37000000e+00 2.90000000e+00 3.02000000e+00
 -8.90000000e-01 -2.41000000e+00 -5.34000000e+00 -2.00000000e-01 -4.01000000e+00 2.95000000e+00 2.34000000e+00
 -1.69000000e+00 -7.00000000e-02 -5.64000000e+00 4.00000000e-01 -6.79000000e+00 2.27000000e+00 1.58000000e1 2.85000000e+00
 5.10000000e-01 000000e-01
 1.07000000e+00 64.80000000e-01 2.490
